Anc\Hum	AAA	AAC	AAG	AAT	ACA	ACC	ACG	ACT	AGA	AGC	AGG	AGT	ATA	ATC	ATG	ATT	CAA	CAC	CAG	CAT	CCA	CCC	CCG	CCT	CGA	CGC	CGG	CGT	CTA	CTC	CTG	CTT	GAA	GAC	GAG	GAT	GCA	GCC	GCG	GCT	GGA	GGC	GGG	GGT	GTA	GTC	GTG	GTT	TAA	TAC	TAG	TAT	TCA	TCC	TCG	TCT	TGA	TGC	TGG	TGT	TTA	TTC	TTG	TTT
AAA	
AAC	2.785927434																																																															
AAG	6.58600444	3.193411692																																																														
AAT	1.63519458	12.1399355	2.45567861																																																													
ACA	2.434762851	0.137196048	0.462787892	0.068799472																																																												
ACC	0.082867681	4.642978273	0.058343905	0.114333278	4.547702282																																																											
ACG	0.569910595	0.269905138	10.06587179	0.227536069	36.09924884	10.30398994																																																										
ACT	0.048501784	0.412819155	0.021122263	2.744911386	2.973560154	14.47676427	13.87300447																																																									
AGA	4.911720897	0.155166944	0.607308552	0.092667326	2.930908658	0.056801833	0.563736807	0.041950245																																																								
AGC	0.11059487	14.19730163	0.227814935	0.34882174	0.069801293	4.356730299	0.32028919	0.205259374	3.198498973																																																							
AGG	0.200634259	0.056138886	9.293359388	0.092969593	0.395913544	0.076405674	8.355925893	0.073448588	10.23338975	3.31735869																																																						
AGT	0.137989108	1.03400726	0.318823468	10.72132915	0.079433957	0.150236344	0.308812959	4.113909089	2.346292683	13.76785888	3.753485697																																																					
ATA	1.611638991	0.090382253	0.097872441	0.103846673	13.04807444	0.227582309	2.330267172	0.1589605	2.752881017	0.041596729	0.155011836	0.077414714																																																				
ATC	0.053941204	2.717521517	0.019713407	0.160319615	0.188046083	17.39104313	0.852712505	0.990756644	0.071461318	4.008538717	0.063758683	0.239230657	3.724989434																																																			
ATG	0.115504298	0.055431611	2.629561485	0.108596914	3.448215354	0.624122456	46.18262032	0.819390424	0.144340308	0.076738984	3.452537522	0.091894622	11.05811669	2.788905514																																																		
ATT	0.068642515	0.126358583	0.035323489	1.627866548	0.112834294	0.366312348	0.910925474	10.81599297	0.042027007	0.121652374	0.04102155	2.703939126	1.9774428	8.579680166	3.321598297																																																	
CAA	2.754426944	0.089365133	0.147541427	0.045588254	0.13118461	3.19E-05	0.005113621	0.00177951	0.415950419	0.002743762	0.002950693	0	0.049011052	0.010909597	0	0																																																
CAC	0.079248267	3.826966305	0.060097534	0.169229443	0.023543441	0.205555935	0.018716947	0.027489304	0.007042401	0.842055408	0.020480485	0.002285972	0.011244527	0.075789642	0	0	3.491479121																																															
CAG	0.140350659	0.051922584	2.883955898	0.027379322	0.016071727	0.004761949	0.256665151	0.000945031	0.045749118	0.022145058	0.598936842	0.015735615	0.000732141	0	0.065362742	0.002429923	10.71646329	3.572339838																																														
CAT	0.042070378	0.245254685	0.066188157	3.310522652	0.009217797	0	0.018717617	0.094134582	0.008892333	0	0.009883083	0.825507302	0.011646493	0.026589128	0.01215806	0.105930374	2.277062634	16.03550752	2.998066804																																													
CCA	0.083562422	0.008822202	0	0	3.08974563	0.122047946	0.580194801	0.052749071	0.073502377	0.004330954	0.03434573	0.005110873	0.08465978	0	0.028892065	0.001603283	3.893748229	0.145724186	0.859411476	0.097771085																																												
CCC	0.015415228	0.104820299	0	0.010546306	0.115102783	5.170096255	0.23785465	0.172608828	0.00557694	0.118368017	0.007248783	0	0	0.182319021	0	0	0.138898774	5.032846498	0.138658093	0.165678359	4.793233211																																											
CCG	0.004829101	0	0.207774583	0	0.532995769	0.254053587	16.2610321	0.173403287	0	0	0.157481115	0	0	0	0.39408074	0	0.693283236	0.320689384	9.886490423	0.167025975	34.81394062	10.11338701																																										
CCT	0	0.009613125	0.007777201	0.042141663	0.066843098	0.316055827	0.310161085	3.805780816	0	0	0.002863411	0.065575523	0	0	0.011101566	0.094082325	0.050123534	0.388529007	0.100853423	3.478038267	3.013582889	13.55490501	9.578607332																																									
CGA	0.468309814	0	0.004222395	0	0.268306418	0.008461783	0.154305578	0	11.2231239	0.279262732	0.668330938	0.19365268	0.21967762	7.21E-05	0.006040553	0	33.2452989	0.811222422	2.556593426	0.452160448	7.645495092	0.263216471	4.780278433	0.143871982																																								
CGC	0.000860877	0.834462206	0	0	0.003602283	0.414239512	0.197936925	0.008239354	0.117742855	11.24934243	0.20188426	0.497799451	0	0.266084682	0	0	0.266110848	34.72585803	0.547536958	1.461189242	0.160338489	9.080233287	2.775724965	0.635232621	20.78842386																																							
CGG	0.009826185	0	0.591865235	0	0	0.002185313	1.270170904	0	0.339648546	0.161613386	9.567572837	0.183239416	0	0	0.190549769	0	0.9394899	0.401541837	30.68967319	0.378631583	0.495444038	0.338076522	40.54447107	0.15486753	51.56700701	18.17489615																																						
CGT	0	0.003054505	0.013556406	0.917987071	0.012149629	0.009405157	0.119119559	0.323445066	0.137627082	0.973331878	0.317403241	13.72680396	0	0.003852376	0.01294421	0.224372154	0.4363818	4.667629392	0.890960052	46.06877462	0.159821879	0.606560651	1.312441384	8.44478548	12.4665171	49.62064236	16.2525873																																					
CTA	0.048099754	0	0.012006917	0.007058716	0.365898539	0.003315652	0.008287982	0.019061718	0.056698382	0.002061951	0	0.000851244	4.132902563	0.077848001	0.25706493	0.05329425	2.586236748	0.062789659	0.130295453	0.060741541	12.67083546	0.127040124	2.199876097	0.174617163	12.89465212	0.07472526	0.44642941	0.097703013																																				
CTC	0.005622653	0.076430755	0	0	0.006341497	0.380861788	0.007534246	0.022055929	0.009809761	0.101156083	0	0.013861909	0.072833457	3.75912497	0.047146584	0.106431838	0.080344163	3.285182125	0.055274989	0.164538257	0.250360723	12.17999821	0.873441857	0.770053907	0.397759953	10.52377998	0.223778627	0.742945113	4.045285229																																			
CTG	0	0	0.053901595	0.00278365	0.037795771	0.013596364	0.894400132	0.014755032	0	0.000295663	0.101859214	0.000945192	0.107777802	0.045585632	2.95431984	0.02995805	0.069240701	0.077721302	2.834295061	0.05972955	3.203927725	0.525791072	30.29140678	0.591091346	0.778259118	0.1967998	9.743629125	0.250287033	14.01538364	3.340752893																																		
CTT	0.002977555	0.000481714	0.009955827	0.035456199	0	0.009884025	0.001758953	0.319479265	0	0	0.008565389	0.018192558	0.038841902	0.144236561	0.0680764	2.458648791	0.053289137	0.207694886	0.054409102	2.6213314	0.124628866	0.38648295	0.605612447	9.296433839	0.193490205	0.508707708	0.224730774	9.957323848	2.228477276	9.794816045	2.833316503																																	
GAA	6.568582551	0.15704078	0.412175038	0.094189247	0.226021392	0	0	0.000432029	0.578215659	0	0.012285046	0.010001481	0.111676798	0.006407562	0	0.001611473	2.469046748	0.045677381	0.152293603	0.031453938	0.053455401	0	0	0.009273976	0.447179203	0	0	0	0.036729929	0	0	0.009036175																																
GAC	0.154254426	12.01948888	0.188385564	0.404976307	0.033039715	0.450121271	0.0489176	0.037039964	0.050946949	0.990991883	0.018084072	0.003843802	0	0.169457512	0.008197083	0.008707996	0.057314515	3.613063778	0.085527244	0.154782329	0.007482327	0.088192746	0.004996434	0.012854379	0.030171381	0.72400213	0.006480626	0.019837498	0	0.057170757	0	0.002470356	4.348139162																															
GAG	0.227788108	0.079929908	9.798969235	0.103053796	0	0	0.782556502	0.015579838	0.128340356	0.046279605	0.77906803	0.022523461	0.006021033	0.004933137	0.161693748	0	0.077264612	0.078465131	3.398423932	0.043078514	0.003191533	0.020054552	0.226232621	0	0.082088305	0.026564314	0.866371737	0.018343213	0	0.025046279	0.048269118	0	10.15831241	4.454049346																														
GAT	0.10788142	0.624537507	0.143524793	8.579139849	0	0	0	0.243607906	0.037656837	0	0.012391369	0.97705102	0.028689978	0.040159021	0.022265976	0.159355784	0.038206072	0.180359388	0.047182951	2.827618098	0.00499075	0.00488669	0	0.053752763	0.006913202	0	0	0.829310277	0.003233867	0.005939886	0	0.021522245	2.405425891	19.54179919	3.756719409																													
GCA	0.128341131	0.000631025	0	0.003705344	12.97550006	0.249546857	2.242807935	0.168589269	0.16708769	0.023836864	0.043949055	0	0.655221812	0	0.090601544	0	0.094255038	0.014461678	0.035173775	0.011263025	3.314398702	0.068278971	0.433470011	0.051631502	0.281101289	0	0.009167269	0	0.230196247	0	0.040318734	0	3.343316629	0.097151546	0.781046976	0.087217213																												
GCC	0.001472724	0.231637837	0.000345954	0	0.239177345	19.03219032	0.682121243	0.58023908	0	0.362869697	0.004917084	0	0	0.71170747	0	0	0	0.117504471	0.012191115	0	0.111229458	4.419941206	0.306313106	0.25084326	0.015197736	0.530844104	0.020068912	0.018391589	0	0.240685558	0.007163228	0.002553904	0.07200973	5.066539314	0.079245295	0.173890272	5.198794375																											
GCG	0.005841578	0.009819006	0.501161697	0	1.701234665	0.457547344	50.46453666	0.516148328	0	0.04766764	0.633934534	0.015428967	0	0	1.415364149	0	0	0	0.204730338	0	0.317299779	0.262826758	18.45058035	0.196113665	0.54124828	0.708760122	2.675123543	0.181899269	0	0.023103796	0.546155668	0.000709151	0.690762504	0.312107031	10.55254987	0.251830848	35.10621202	9.242738764																										
GCT	0	0	0	0.121219396	0.173500128	0.732707641	0.967955772	13.94560429	0.014259291	0.066169611	0	0.204245056	0	0	0	0.335284742	0.001208288	0.000770045	0	0.076260453	0.047404934	0.139270944	0.171890839	3.327966771	0.008362078	0.041753822	0	0.302116718	0.010060296	0.044638872	0.020365229	0.233869285	0.060619967	0.338796932	0.101822437	4.014195828	3.594607605	14.12463492	11.21676748																									
GGA	0.305915296	0.003872907	0.028390052	0.000168285	0.10314582	0.006822137	0	0.006910562	10.85063531	0.143162319	0.606240184	0.101575092	0.174857843	0	0	0	0.379874892	0.013518884	0.028389289	0	0.086622436	0.006806038	0.004237451	0.003632873	9.81027429	0.148538408	0.484853262	0.110578511	0.079624385	0	0	0.00845303	10.39354173	0.412884043	0.946160277	0.227669239	3.330900961	0.11927456	0.88047907	0.022747561																								
GGC	0	0.464728117	0.003087466	0	0	0.199886816	0.012512218	0	0.180705625	14.09479257	0.252641224	0.547186742	0.003663966	0.17171823	0	0	0.002560902	0.636746675	0.00960275	0	0	0.14627056	0.017249054	0.000316099	0.285378211	9.240140131	0.30594909	0.71819355	0.003122193	0.077315504	0.009551234	0.001988811	0.144809837	19.30569821	0.243438773	0.717540646	0.151265662	4.922113511	0.504292175	0.361202903	4.490068922																							
GGG	0.087451981	0.008423381	0.392290125	0.001398473	0.027044155	0.013977466	0.638507439	0	0.556961222	0.138822398	13.51509099	0.166561693	0	0.000756205	0.18861394	0.014457177	0	0.016713122	0.532700702	0	0.032096928	0.023260364	0.333539103	0.010539957	0.600959424	0.261734254	10.17131076	0.238032618	0	0.019974071	0.139539543	0	0.572172212	0.21674552	12.194099	0.17851459	0.592929555	0.137803794	9.007426994	0.129076335	15.06829819	4.380932954																						
GGT	0.009868844	0	0.007149109	0.367847445	0.016638525	0	0.021043694	0.155361066	0.170480143	0.717744369	0.312410321	14.29135441	0	0	0	0.120387628	0.000292449	0.018399675	0.011800994	0.612374177	0	0.008801876	0	0.081080648	0.211302553	0.467407092	0.246211628	10.28373584	0.000671732	0	0.005440004	0.056634486	0.152106508	1.522772181	0.373232828	17.38346655	0.088560075	0.196177361	0.380258104	4.360859349	3.184371341	18.85108411	5.145202762																					
GTA	0.140188965	0	0.015192053	0.015309803	1.218407989	0.020077102	0.013828584	0	0.298711555	0.013282001	0	0.016720419	17.99233737	0.232696536	0.984057842	0.142431652	0.05941588	0	0	0.013798991	0.12040947	0	0	0	0.31198175	0	0	0.015384021	5.105996936	0.060058085	0.192867676	0.043937271	2.299507583	0.107264463	0.122983894	0.076409009	14.92228944	0.206524497	2.867804665	0.159494635	3.803065056	0.033444559	0.325190964	0.151947105																				
GTC	0	0.207669385	0.001897213	0.005534856	0	1.5223549	0.021414375	0	0.014596041	0.327938628	0.007053391	0.045741428	0.26882567	19.58551442	0.172589091	0.40913298	0.005544768	0.107622958	0	0.002406224	0.008048507	0.206710892	0.008185259	0.025878546	0.00076029	0.311325591	0.01188667	0.035950874	0.06583821	4.455071093	0.085762009	0.184552789	0.079789422	3.948170079	0.058130305	0.166769388	0.269272847	19.22958974	0.735944175	0.978955857	0.125122027	5.055066315	0.097395558	0.428928296	4.826124191																			
GTG	0	0.018762508	0.206212971	0	0.215475351	0.008462256	4.5613656	0.013451186	0	0	0.397015829	0.031566092	0.710900933	0.189198513	15.89990655	0.160971622	0.006283549	0.016132159	0.072329439	0	0.011796839	0.023698298	0.433978791	0.014366848	0.008172729	0	0.316429263	0.019815116	0.15345012	0.077364768	3.50455393	0.061833364	0.166520884	0.097623941	3.248644004	0.083758548	4.314839494	0.648545186	34.29840343	0.819405184	0.26690796	0.122705495	4.954875825	0.199588958	16.67776181	3.570793687																		
GTT	0.012447112	0.027208733	0.001551874	0.125233491	0	0	0.008951581	1.064919808	0	0	0.007158274	0.414147587	0.180211555	0.623836427	0.241870122	12.20590954	0.006583017	0.012556509	0	0.058709761	0	0.015137497	0	0.057177969	0	0	0	0.285486228	0.038845092	0.081394723	0.051352351	3.214073829	0.059354021	0.203472297	0.079448229	2.694568502	0.178836947	0.472832759	0.844501463	14.1545063	0.111742476	0.237178456	0.101985554	4.60324814	2.893761354	11.97431805	3.791801382																	
TAA	1.851922304	0.069379016	0.106402926	0.060802471	0.04363299	0.00107179	0	0.003903628	0.080891695	0	0.00433533	0.008665638	0.115681449	0.002448876	0.012292708	0.003073806	8.329997828	0.126029975	0.460073198	0.12079395	0.115673876	0.002717338	0	0.004775497	1.705985072	0	0	0	0.178363763	0	0	0	3.009672958	0.078874116	0.103306012	0.038590098	0.041844075	0.000122217	0	0	0.136527076	0	0.005669314	0.002517089	0.105111201	0.004190973	0	0.004859241																
TAC	0.054915454	3.032246435	0.042884716	0.133703532	0.020233699	0.140949578	0.009008942	0.025063967	0.004842526	0.128268393	0	0.011591249	0	0.082749295	0.016083018	0.011148251	0.241411298	17.06683382	0.206414807	1.000030957	0	0.311079374	0	0	0.014516945	3.040019416	0	0	0.033146495	0.127673716	0	0.009653785	0.058962969	4.967821057	0.057130328	0.248965455	0	0.049338483	0	0.002398935	0	0.230692699	0	0	0.042276687	0.092073917	0	0.001330589	4.290487733															
TAG	0.101517404	0.034349145	2.273134308	0.055431942	0.021079962	0	0.082140751	0	0.032914084	0.017589142	0.184042581	0.013437557	0.0238409	0.003502972	0.055702674	0.011051694	0.449722568	0.159306401	14.07446636	0.253068276	0.012188502	0	0.461767938	0	0	0	2.268897106	0.022495732	0.03009413	0	0.127312288	0.012428458	0.147104058	0.063967285	4.105506148	0.082508855	0	0.008133676	0.072999089	0.006897302	0.005994637	0.001160996	0.127372168	0	0.037461207	0	0.064143795	0	8.906717494	5.267270047														
TAT	0.063458718	0.164446071	0.038913256	1.997371179	0.002821804	0	0	0.077466581	0.008682724	0	0	0.143004806	0.028360229	0.023588473	0.010516323	0.108103679	0.146148461	0.666021763	0.113838834	11.0648284	0.001974269	0	0	0.151913571	0	0	0	2.322944375	0.023577331	0.002781127	0	0.094932609	0.038015185	0.268793048	0.0730886	3.712467434	0.009185075	0	0	0.046609892	0.000579928	0	0	0.246691875	0	0	0.012117732	0.085899044	2.113274468	18.48501918	4.132929465													
TCA	0.04548869	0	0.006087346	0.001615111	1.987674824	0.052768492	0.210535924	0.053682704	0.04202523	0.00588688	0	0.000669284	0.154395852	0.018692037	0.016657414	0.003595863	0.21744788	0.022786829	0.042145157	0.020898689	9.796502801	0.141230587	0.926171846	0.120065762	0.483172002	0	0	0.005190994	0.715526566	0.022241622	0.134580169	0.009721608	0.089785121	0.001308819	0.016628071	0.001426308	3.271625155	0.06283336	0.197931477	0.04835944	0.058822413	0.005059448	0.006155467	0.001487013	0.266009222	0.015217853	0.037562825	0.005196874	3.105053754	0.092132511	0.494869259	0.057954196												
TCC	0	0.103750588	0.00895116	0	0.048858922	3.231005783	0.10285299	0.099275842	0.003351816	0.027300933	0.001692582	0.002172057	0	0.232980339	0.001069805	0.002641576	0	0.265831539	0.000454703	0	0.257433667	15.07645563	0.475982049	0.612573787	0.00127451	0.854042045	0.010430565	0	0.008929297	0.951084071	0.030563843	0.029199866	0.010319198	0.12885829	0	0	0.065182747	4.50215647	0.141527513	0.149054911	0.003819371	0.113453282	0.001544158	0.016370608	0.00216907	0.425752973	0.015172048	0	0.090884506	3.940102889	0.082290748	0.143448913	3.94613665											
TCG	0	0	0.176315528	0	0.541360468	0.191544494	12.91770857	0.191415593	0	0.007794447	0.150455878	0.004253177	0	0.015786988	0.441933004	0	0	0.002745143	0.813018155	0.006293192	1.829755134	0.614583853	51.16107943	0.680185321	0.680808083	0.482636693	4.638060094	0.190710087	0.025591706	0.078858697	2.513051474	0.022307559	0.008213258	0.011838056	0.387025792	0	0.731484041	0.285688609	20.84513095	0.274016053	0.002810118	0.003862088	0.271546419	0.008823157	0.00814021	0.035393817	0.810935236	0	0.719888233	0.31714749	13.0266915	0.209522978	42.38501626	9.794613688										
TCT	0.00872484	0	0	0.038802827	0.05446013	0.167312785	0.128592357	2.380927494	0	0.01369944	0.002081395	0.042619978	0.007836427	0.038404844	0.006835747	0.093566662	0	0	0	0.143036393	0.145858915	0.559774631	0.33719131	10.22731913	0	0.010226969	0	0.517426542	0.032863529	0.129812799	0.047104074	0.610397195	0.000429441	0.011649855	0.009263349	0.076585922	0.036391781	0.183338074	0.124125168	3.207500172	0.001088844	0	0.007098152	0.049419017	0.001818481	0.047982418	0.009309453	0.152251675	0.04118764	0.29275001	0.054880938	2.763861059	2.222578559	10.86289305	11.14139278									
TGA	0.076025054	0.007004218	0.008666482	0.004359862	0.05408274	0	0.003916361	0	2.232837405	0.047735491	0.119722467	0.051207729	0.058282809	1.84E-05	0.021270516	0.003476371	2.344429471	0.038776774	0.138714488	0.016128929	0.404228283	0.006707279	0	0	42.62576116	0.19679205	0.929369178	0.221868715	0.489384967	0.016838845	0.03988463	0.005121337	0.141547889	0.014826341	0.025424483	0.021091992	0.052656553	0.004544903	0	0.007164463	3.973337594	0.063286102	0.142570151	0.049614335	0.089411934	0.001432112	0.020238314	0	7.738085782	0.269236099	0.714173337	0.148482271	2.274603673	0.061255522	0.506093631	0.039780566								
TGC	0.003359485	0.166811362	0	0	0.001632456	0.086911576	0.001451318	0	0.036662086	3.603322188	0.056943494	0.162544598	0.010155227	0.086293363	0.009972098	0.006141535	0.014354348	4.365034114	0.040455785	0.082953998	0.027920454	0.591301368	0.001857638	0.035392301	0.707502599	35.08152458	0.426555048	2.247275982	0	0.784859209	0.029203184	0	0.001802398	0.26795133	0	0	0.022120305	0.153353668	0.000864485	0.024774326	0.057569636	5.185082599	0.073646241	0.260305287	0	0.096869136	0.013885032	0	0.13883822	15.40521988	0.211229747	0.599060331	0.05155089	3.321297278	0.276945551	0.16923574	3.269589645							
TGG	0.003152056	0	0.119858587	0	0.009651681	0.003561626	0.17285463	0.01116222	0.148179058	0.04101477	3.034033805	0.054161472	0.000563098	0.00489602	0.094086286	0	0.021792458	0.012988147	3.257780107	0.028965387	0.140292614	0.029365756	0.484832092	0.034500748	1.880775796	0.325730095	34.74675558	0.561059669	0.01490273	0.004157981	0.846966792	0	0.002605357	0.009114718	0.243798652	0.001803563	0.027126919	0	0.165004321	0	0.25682582	0.106302801	4.813577551	0.126885077	0	0.008482655	0.154125732	0.009458717	0.250541358	0.119835919	12.74489352	0.08353903	0.403266783	0.08415625	7.563574187	0.074228113	9.809675041	3.278712549						
TGT	0.010355602	0	0.001181611	0.113633953	0.011878598	0.012537939	0.010472212	0.078853839	0.053357127	0.168525337	0.062131916	2.954165416	0.002425806	0.001460914	0.010008835	0.066326995	0.02536986	0.224345409	0.034372072	3.469564392	0.013144715	0.021567945	0	0.40507306	0.556475594	1.678175318	0.545977564	35.70617218	0.011693922	0	0.018356544	0.460092201	0.00074239	0	0.005791233	0.191431141	0.001089427	0	0.002977152	0.072620329	0.053491477	0.24494623	0.115786843	4.523104157	0.018396088	0.031549439	0.022092179	0.138487741	0.149802631	1.204885417	0.374457402	13.00915999	0.051603623	0.099163834	0.272220445	2.926206663	1.970167485	12.83675184	3.066898549					
TTA	0.125733907	0.00436972	0	0.003536474	0.154469831	0.002667018	0	0.007474707	0.042877211	0	0.006514862	0.003875876	2.124237842	0.039639077	0.119676126	0.061311334	0.093453045	0.001004867	0	0.009963425	0.255867139	0.004322783	0	0.003360812	0.709920584	0	0	0	8.764881549	0.108747955	0.443139983	0.108862992	0.059211487	0.002177433	0	0.003104869	0.146282633	0	0	0	0.093265983	0	0.002262657	0.000437508	4.173799199	0.08134377	0.132209518	0.070285401	2.408627424	0.105698825	0.178043076	0.112608616	7.735004646	0.139203651	1.695190194	0.081043661	3.096620648	0.038568112	0.111269522	0.048934736				
TTC	0	0.060987226	0.009338427	0.000948328	0.00374889	0.152530278	0	0.009529539	0	0.057200932	0.008374458	0	0.039770266	2.412078825	0.029327082	0.092118661	0.002326711	0.166351748	0	0	0.002161449	0.575616955	0	0.01487452	0.001565046	0.679423704	0	0.008010616	0.145315119	10.09438798	0.149402556	0.412657654	0.009860204	0.075705173	0	0.004552816	0	0.147595746	0	0	0.011083791	0.074513151	0	0	0.056102871	4.342487306	0.045038344	0.159410591	0.058514688	2.372070016	0.03595095	0.111435198	0.139595759	10.37241877	0.454590597	0.570055809	0.088728227	3.339921146	0.055389741	0.22588766	2.979586386			
TTG	0.008845017	0.008220198	0.056797875	0.001535765	0.022961781	0	0.413469078	0	0	0.001136017	0.044920741	0	0.149636696	0.040077803	2.290079858	0.043706289	0.009404398	0.001730058	0.076364428	0.001988725	0.031805754	0	0.959001129	0.006867642	0	0	0.698931066	0.002272481	0.431545896	0.083462752	10.49039102	0.146065626	0.000137939	0.003736521	0.082375246	0.007391675	0.012960036	0.000224369	0.262261843	0.005301159	0	0	0.14041539	0	0.238536587	0.059723681	3.458224229	0.089615413	0.094264336	0.051591063	2.610622317	0.049445079	2.334969057	0.373558427	32.9662411	0.412373006	0.212265841	0.099265468	3.896183879	0.130112262	8.224725272	2.429024913		
TTT	0.034059158	0.0125931	0.003233374	0.068587269	0.010521423	0.011264949	0	0.139366555	0.008430666	0	0	0.047777075	0.062598159	0.10688109	0.040563411	1.646314722	0.009499183	0	0.000604291	0.114526663	0.003725646	0.092168956	0.007462056	0.200492728	0	0.000282519	0.004661921	0.570525177	0.101107482	0.229025687	0.137716531	6.545077918	0	0	0.004602251	0.053254528	0.002693166	0	0	0.107055483	0	0.000186005	0.015640818	0.083563914	0.056203419	0.152712854	0.078255747	2.780456547	0.124962081	0.143982562	0.047390272	1.602167716	0.074613229	0.308205817	0.464655091	4.899345287	0.045544079	0.12717008	0.081679545	2.411900681	1.812681141	6.518240404	2.729209332
